confidence: 100.0%	 nervousness: 0.0%	 neutral: 96.96969696969697
confidence: 97.82608695652173%	 nervousness: 2.1739130434782608%	 neutral: 50.0
